{
  "nbformat": 4,
  "nbformat_minor": 0,
  "metadata": {
    "colab": {
      "provenance": []
    },
    "kernelspec": {
      "name": "python3",
      "display_name": "Python 3"
    },
    "language_info": {
      "name": "python"
    }
  },
  "cells": [
    {
      "cell_type": "markdown",
      "source": [
        "#### Power iterations for symmetric matrices"
      ],
      "metadata": {
        "id": "RzSDlfgPUCzC"
      }
    },
    {
      "cell_type": "markdown",
      "source": [
        "So far we know that for `diagonalizable` $A\\in \\mathbf{R}^{n \\times n}$, the method of power iterations finds the dominant eigenvalue and corresponding eigenvector through the following\n",
        "\n",
        "* starting from $x^0$\n",
        "* compute $y^k=Ax^{k-1}$\n",
        "* get new $x^{k}$ by normalizing $y^k$ ($l_2$ norm, infinity norm, etc)\n",
        "$$x^{k}=\\frac{y^k}{\\|y^k\\|}$$\n",
        "\n",
        "For which $x^k\\rightarrow v_1$, and Rayleigh quotient $\\frac{(x^k)^TAx^k}{(x^k)^Tx^k}\\rightarrow \\lambda_1$"
      ],
      "metadata": {
        "id": "89Q1kQiiwtRv"
      }
    },
    {
      "cell_type": "markdown",
      "source": [
        "For `symmetric` matrices, we can also update using\n",
        "\n",
        "$$A\\leftarrow A - \\lambda_1 v_1 v_1^T$$\n",
        "\n",
        "and progressively find remaining eigenvalues and eigenvectors, due to the fact that symmetric matrices have orthonormal eigenvectors"
      ],
      "metadata": {
        "id": "KVhsBLDlxeh1"
      }
    },
    {
      "cell_type": "markdown",
      "source": [
        "#### General eigenvalues problems for nonsymmetric matrices"
      ],
      "metadata": {
        "id": "AzBv8X-1nJ-q"
      }
    },
    {
      "cell_type": "markdown",
      "source": [
        "If matrix $A$ is `nonsymmetric`, we know that we can choose right eigenvector $v$ and left eigenvector $u$ such that\n",
        "\n",
        "$$u_i^Tv_j = \\left\\{\\begin{array}{rcl}0 &i\\neq j \\\\1 &i=j \\end{array}\\right.$$\n",
        "\n",
        "Update to matrix $A$ after getting $\\lambda_1, v_1$ can be expressed as\n",
        "\n",
        "$$A\\leftarrow A - \\lambda_1 v_1 u_1^T$$\n",
        "\n",
        "Similarly, what we want is that the updated $A$ still has all remaining $\\lambda_i, v_i, i>1$ while making $v_1$ corresponding to a zero eigenvalue, and we can again verify both\n",
        "\n",
        "$$\\begin{align*}\n",
        "&(A - \\lambda_1 v_1 u_1^T)v_1 \\\\\n",
        "&=Av_1-\\lambda_1v_1(u_1^Tv_1)\\\\\n",
        "& u_1^Tv_1=1 \\\\\n",
        "&=Av_1-\\lambda_1v_1\\\\\n",
        "&=0\n",
        "\\end{align*}$$\n",
        "\n",
        "and\n",
        "\n",
        "$$\\begin{align*}\n",
        "&(A - \\lambda_1 v_1 u_1^T)v_i \\\\\n",
        "&=Av_i-\\lambda_1v_1(u_1^Tv_i)\\\\\n",
        "& u_i^Tv_1=0,\\forall i\\neq 1 \\\\\n",
        "&=Av_i\\\\\n",
        "&=\\lambda_iv_i\n",
        "\\end{align*}$$\n",
        "\n",
        "We see that such update of $A$ allows to preserve all remaining eigenvalues/eigenvectors of $A$, while adding a zero eigenvalue, which allows power iterations to correctly converge to remaining eigenvalues and eigenvectors"
      ],
      "metadata": {
        "id": "r9LsIzMpoESt"
      }
    },
    {
      "cell_type": "code",
      "source": [
        "import matplotlib.pyplot as plt\n",
        "import numpy as np\n",
        "np.set_printoptions(formatter={'float': '{: 0.4f}'.format})\n",
        "\n",
        "plt.style.use('dark_background')\n",
        "# color: https://matplotlib.org/stable/gallery/color/named_colors.htm"
      ],
      "metadata": {
        "id": "E7IXLxroydqP"
      },
      "execution_count": 1,
      "outputs": []
    },
    {
      "cell_type": "code",
      "source": [
        "def power_iteration_nonsymmetric(A, num_eigen, num_iter=5000, converge_tol=1e-7, eigen_tol=1e-7):\n",
        "    n = A.shape[0]\n",
        "    eigenvalues = []\n",
        "    right_eigenvectors = []\n",
        "    left_eigenvectors = []\n",
        "    A_current = A.copy()\n",
        "\n",
        "    for k in range(num_eigen):\n",
        "        v = np.random.rand(n)\n",
        "        v /= np.linalg.norm(v)\n",
        "        u = np.random.rand(n)\n",
        "        u /= np.linalg.norm(u)\n",
        "\n",
        "        for j in range(num_iter):\n",
        "            # Right eigenvector\n",
        "            y = A_current @ v\n",
        "            norm_y = np.linalg.norm(y)\n",
        "            if norm_y < eigen_tol:\n",
        "                print(f\"Norm of (#{k+1}) right eigenvector is too small, stopping iteration\")\n",
        "                break\n",
        "            v_next = y / norm_y\n",
        "\n",
        "            # Left eigenvector\n",
        "            z = A_current.T @ u\n",
        "            norm_z = np.linalg.norm(z)\n",
        "            if norm_z < eigen_tol:\n",
        "                print(f\"Norm of (#{k+1}) left eigenvector is too small, stopping iteration\")\n",
        "                break\n",
        "            u_next = z / norm_z\n",
        "\n",
        "            # Check convergence\n",
        "            if np.linalg.norm(v_next - v) < converge_tol and np.linalg.norm(u_next - u) < converge_tol:\n",
        "                break\n",
        "\n",
        "            v = v_next\n",
        "            u = u_next\n",
        "\n",
        "        if norm_y < eigen_tol or norm_z < eigen_tol:\n",
        "            continue\n",
        "\n",
        "        print(f'{j+1} iterations for eigenvalue #{k+1}')\n",
        "\n",
        "        # Normalize u and v such that u^Tv = 1\n",
        "        scaling = u @ v\n",
        "        if abs(scaling) < eigen_tol:\n",
        "            print(f\"Scaling factor u^Tv is too small, cannot normalize\")\n",
        "            continue\n",
        "        v = v / scaling\n",
        "\n",
        "        # Rayleigh quotient using right eigenvectors\n",
        "        eigenvalue = v @ (A_current @ v) / (v @ v)\n",
        "\n",
        "        if abs(eigenvalue) < eigen_tol:\n",
        "            print(f\"Eigenvalue {eigenvalue} is too small and is ignored\")\n",
        "            continue\n",
        "\n",
        "        eigenvalues.append(eigenvalue)\n",
        "        right_eigenvectors.append(v)\n",
        "        left_eigenvectors.append(u)\n",
        "\n",
        "        A_current = A_current - eigenvalue * np.outer(v, u)\n",
        "\n",
        "    if not eigenvalues:\n",
        "        print(\"No valid eigenvalues found\")\n",
        "        return np.array([]), np.array([]), np.array([])\n",
        "\n",
        "    return np.array(eigenvalues), np.column_stack(right_eigenvectors), np.column_stack(left_eigenvectors)"
      ],
      "metadata": {
        "id": "ndRyYxIDoics"
      },
      "execution_count": 2,
      "outputs": []
    },
    {
      "cell_type": "code",
      "source": [
        "def givens_rotation(A):\n",
        "    m, n = A.shape\n",
        "    Q = np.identity(m)\n",
        "    for col in range(n):\n",
        "        for row in range(col+1, m):\n",
        "            if A[row, col] != 0:\n",
        "                alpha = np.sqrt(A[col, col]**2 + A[row, col]**2)\n",
        "                c = A[col, col] / alpha\n",
        "                s = A[row, col] / alpha\n",
        "\n",
        "                G = np.identity(m)\n",
        "                G[row, col] = -s\n",
        "                G[col, row] = s\n",
        "                G[col, col] = c\n",
        "                G[row, row] = c\n",
        "\n",
        "                A = G @ A\n",
        "                Q = Q @ G.T\n",
        "\n",
        "    return Q, A\n",
        "\n",
        "def diagonalizable_mat(n):\n",
        "    # Create diagonal matrix to store eigenvalues\n",
        "    D = np.diag(np.concatenate((200*np.random.rand(n//2)-100, 0.1*np.random.rand(n-n//2))))\n",
        "\n",
        "    # Get some orthogonal matrix Q using QR factorization based on Givens rotations\n",
        "    Q, R = givens_rotation(np.random.rand(n, n))\n",
        "\n",
        "    # Use similarity transformation to create diagonalizable matrix with real eigenvalues\n",
        "    return Q @ D @ Q.T"
      ],
      "metadata": {
        "id": "mKfr5LUr1E9H"
      },
      "execution_count": 3,
      "outputs": []
    },
    {
      "cell_type": "code",
      "source": [
        "np.random.seed(50)\n",
        "\n",
        "A_size = 8\n",
        "A = diagonalizable_mat(A_size)\n",
        "\n",
        "eigenvalues, right_eigenvectors, left_eigenvectors = power_iteration_nonsymmetric(A, A_size)\n",
        "\n",
        "# Normalize right eigenvectors and adjust left eigenvectors\n",
        "for i in range(right_eigenvectors.shape[1]):\n",
        "    v = right_eigenvectors[:, i]\n",
        "    u = left_eigenvectors[:, i]\n",
        "    norm_v = np.linalg.norm(v)\n",
        "    if norm_v < 1e-6:\n",
        "        print(f\"Norm of right eigenvector #{i+1} is too small, cannot normalize\")\n",
        "        continue\n",
        "    # To be consistent with NumPy\n",
        "    v_normalized = v / norm_v\n",
        "    # To ensure biorthogonality\n",
        "    u_adjusted = u * norm_v\n",
        "\n",
        "    right_eigenvectors[:, i] = v_normalized\n",
        "    left_eigenvectors[:, i] = u_adjusted\n",
        "\n",
        "    print(f\"u_{i+1}^T v_{i+1} = {v_normalized @ u_adjusted:.4f}\")\n",
        "\n",
        "print(\"\\nComputed eigenvalues\")\n",
        "for idx, eigenvalue in enumerate(eigenvalues, 1):\n",
        "    print(f\"# {idx}: {eigenvalue:.4f}\")\n",
        "\n",
        "print(\"\\nComputed right eigenvectors (columns)\")\n",
        "print(right_eigenvectors)\n",
        "\n",
        "print(\"\\nComputed left eigenvectors (columns)\")\n",
        "print(left_eigenvectors)\n",
        "\n",
        "# Compare with NumPy's outcomes\n",
        "eigenvalues_np, right_eigenvectors_np = np.linalg.eig(A)\n",
        "print(\"\\nEigenvalues from NumPy\")\n",
        "print(eigenvalues_np)\n",
        "\n",
        "print(\"\\nRight eigenvectors from NumPy\")\n",
        "print(right_eigenvectors_np)\n",
        "\n",
        "# Reconstruct A using left/right eigenvectors\n",
        "A_reconstructed = right_eigenvectors @ np.diag(eigenvalues) @ left_eigenvectors.T\n",
        "\n",
        "print(\"\\nA reconstructed\")\n",
        "print(A_reconstructed)\n",
        "\n",
        "print(\"\\nOriginal A\")\n",
        "print(A)\n",
        "\n",
        "# Check error\n",
        "reconstruction_error = np.linalg.norm(A - A_reconstructed)\n",
        "print(f\"\\nReconstruction error: {reconstruction_error}\")"
      ],
      "metadata": {
        "colab": {
          "base_uri": "https://localhost:8080/"
        },
        "id": "FKYUgZ6ZjzWY",
        "outputId": "e6c2e10a-9e72-4611-d883-321ed938af68"
      },
      "execution_count": 4,
      "outputs": [
        {
          "output_type": "stream",
          "name": "stdout",
          "text": [
            "5000 iterations for eigenvalue #1\n",
            "5000 iterations for eigenvalue #2\n",
            "5000 iterations for eigenvalue #3\n",
            "5000 iterations for eigenvalue #4\n",
            "58 iterations for eigenvalue #5\n",
            "25 iterations for eigenvalue #6\n",
            "177 iterations for eigenvalue #7\n",
            "2 iterations for eigenvalue #8\n",
            "u_1^T v_1 = 1.0000\n",
            "u_2^T v_2 = 1.0000\n",
            "u_3^T v_3 = 1.0000\n",
            "u_4^T v_4 = 1.0000\n",
            "u_5^T v_5 = 1.0000\n",
            "u_6^T v_6 = 1.0000\n",
            "u_7^T v_7 = 1.0000\n",
            "u_8^T v_8 = 1.0000\n",
            "\n",
            "Computed eigenvalues\n",
            "# 1: -54.3834\n",
            "# 2: -48.9052\n",
            "# 3: -20.7340\n",
            "# 4: -1.0797\n",
            "# 5: 0.0997\n",
            "# 6: 0.0772\n",
            "# 7: 0.0408\n",
            "# 8: 0.0377\n",
            "\n",
            "Computed right eigenvectors (columns)\n",
            "[[-0.1711  0.1408 -0.2628  0.3834 -0.4991 -0.0037 -0.4947 -0.4908]\n",
            " [ 0.6402  0.0234  0.0975  0.1581 -0.4049 -0.1363  0.5427 -0.2794]\n",
            " [-0.3562 -0.2137 -0.5342  0.3369 -0.1100  0.3223  0.5251  0.1923]\n",
            " [-0.0124 -0.8238  0.2541  0.3694  0.2019 -0.1882 -0.0960 -0.1868]\n",
            " [ 0.4072 -0.0316 -0.1860  0.3440 -0.1561 -0.1714 -0.3364  0.7164]\n",
            " [-0.1929  0.4300 -0.0150  0.4619  0.4074 -0.5950  0.2033 -0.0552]\n",
            " [ 0.4792  0.0576 -0.4188  0.1145  0.5853  0.3633 -0.1460 -0.2876]\n",
            " [-0.0349  0.2572  0.6011  0.4830  0.0339  0.5717  0.0020  0.1005]]\n",
            "\n",
            "Computed left eigenvectors (columns)\n",
            "[[-0.1711  0.1408 -0.2628  0.3834 -0.4991 -0.0037 -0.4947 -0.4908]\n",
            " [ 0.6402  0.0234  0.0975  0.1581 -0.4049 -0.1363  0.5427 -0.2794]\n",
            " [-0.3562 -0.2137 -0.5342  0.3369 -0.1100  0.3223  0.5251  0.1923]\n",
            " [-0.0124 -0.8238  0.2541  0.3694  0.2019 -0.1882 -0.0960 -0.1868]\n",
            " [ 0.4072 -0.0316 -0.1860  0.3440 -0.1561 -0.1714 -0.3364  0.7164]\n",
            " [-0.1929  0.4300 -0.0150  0.4619  0.4074 -0.5950  0.2033 -0.0552]\n",
            " [ 0.4792  0.0576 -0.4188  0.1145  0.5853  0.3633 -0.1460 -0.2876]\n",
            " [-0.0349  0.2572  0.6011  0.4830  0.0339  0.5717  0.0020  0.1005]]\n",
            "\n",
            "Eigenvalues from NumPy\n",
            "[-54.3834 -48.9052 -20.7340 -1.0797  0.0997  0.0377  0.0408  0.0772]\n",
            "\n",
            "Right eigenvectors from NumPy\n",
            "[[-0.1711 -0.1408  0.2628  0.3834  0.4991  0.4908 -0.4947 -0.0037]\n",
            " [ 0.6402 -0.0234 -0.0975  0.1581  0.4049  0.2794  0.5427 -0.1363]\n",
            " [-0.3562  0.2137  0.5342  0.3369  0.1100 -0.1923  0.5251  0.3223]\n",
            " [-0.0124  0.8238 -0.2541  0.3694 -0.2019  0.1868 -0.0960 -0.1882]\n",
            " [ 0.4072  0.0316  0.1860  0.3440  0.1561 -0.7164 -0.3364 -0.1714]\n",
            " [-0.1929 -0.4300  0.0150  0.4619 -0.4074  0.0552  0.2033 -0.5950]\n",
            " [ 0.4792 -0.0576  0.4188  0.1145 -0.5853  0.2876 -0.1460  0.3633]\n",
            " [-0.0349 -0.2572 -0.6011  0.4830 -0.0339 -0.1005  0.0020  0.5717]]\n",
            "\n",
            "A reconstructed\n",
            "[[-4.1095  6.2770 -4.9019  6.7854  2.8529 -5.0525  1.7117  0.9756]\n",
            " [ 6.2770 -22.5066  13.6774  0.7897 -13.8315  6.1707 -15.9490 -0.3844]\n",
            " [-4.9019  13.6774 -15.1492 -6.1799  5.3681  0.4084  5.2011  8.5084]\n",
            " [ 6.7854  0.7897 -6.1799 -34.6720 -0.1608  17.1035  4.8141  6.9714]\n",
            " [ 2.8529 -13.8315  5.3681 -0.1608 -9.8838  4.7045 -12.2000  3.3039]\n",
            " [-5.0525  6.1707  0.4084  17.1035  4.7045 -11.2546  3.6342 -5.8545]\n",
            " [ 1.7117 -15.9490  5.2011  4.8141 -12.2000  3.6342 -16.2513  5.3616]\n",
            " [ 0.9756 -0.3844  8.5084  6.9714  3.3039 -5.8545  5.3616 -11.0198]]\n",
            "\n",
            "Original A\n",
            "[[-4.1095  6.2770 -4.9019  6.7854  2.8529 -5.0525  1.7117  0.9756]\n",
            " [ 6.2770 -22.5066  13.6774  0.7897 -13.8315  6.1707 -15.9490 -0.3844]\n",
            " [-4.9019  13.6774 -15.1492 -6.1799  5.3681  0.4084  5.2011  8.5084]\n",
            " [ 6.7854  0.7897 -6.1799 -34.6720 -0.1608  17.1035  4.8141  6.9714]\n",
            " [ 2.8529 -13.8315  5.3681 -0.1608 -9.8838  4.7045 -12.2000  3.3039]\n",
            " [-5.0525  6.1707  0.4084  17.1035  4.7045 -11.2546  3.6342 -5.8545]\n",
            " [ 1.7117 -15.9490  5.2011  4.8141 -12.2000  3.6342 -16.2513  5.3616]\n",
            " [ 0.9756 -0.3844  8.5084  6.9714  3.3039 -5.8545  5.3616 -11.0198]]\n",
            "\n",
            "Reconstruction error: 2.381742153961336e-14\n"
          ]
        }
      ]
    },
    {
      "cell_type": "code",
      "source": [],
      "metadata": {
        "id": "tkhwkmAR8Kar"
      },
      "execution_count": 4,
      "outputs": []
    }
  ]
}