{"nbformat":4,"nbformat_minor":0,"metadata":{"colab":{"provenance":[],"authorship_tag":"ABX9TyNXB7DwVEm1+aXpO4BBi6+n"},"kernelspec":{"name":"python3","display_name":"Python 3"},"language_info":{"name":"python"}},"cells":[{"cell_type":"markdown","source":["#### Factorization of positive definite matrices"],"metadata":{"id":"RzSDlfgPUCzC"}},{"cell_type":"markdown","source":["Every positive definite matrix $A$ has a Cholesky factorization that is unique\n","\n","$$A=LL^T$$\n","\n","where $L$ is lower triangular"],"metadata":{"id":"89Q1kQiiwtRv"}},{"cell_type":"markdown","source":["To get a feeling of how to find the factorization, we look at the first step (since $A$ is positive definite, $a_{11}>0$)\n","\n","$$\\begin{align*}A &= \\begin{bmatrix} a_{11} & w^T \\\\ w &\n","K \\end{bmatrix} \\\\\n","&=\\begin{bmatrix} \\sqrt{a_{11}} & 0\\\\ w/\\sqrt{a_{11}} &\n","I \\end{bmatrix}\\begin{bmatrix} 1 & 0 \\\\ 0 &\n","K-ww^T/a_{11}\\end{bmatrix}\\begin{bmatrix} \\sqrt{a_{11}} & w^T/\\sqrt{a_{11}} \\\\ 0 &\n","I \\end{bmatrix} \\\\\n","&=L_1A_1L_1^T\n","\\end{align*}$$\n","\n","We can keep going and decompose $A_1=L_2A_2L_2^T$ and so on and we have\n","\n","$$A=L_1\\cdots L_mL_m^T\\cdots L_1^T=(L_1\\cdots L_m)(L_1\\cdots L_m)^T$$\n","\n","From the block representation, we can see that once we further decompose $K-ww^T/a_{11}$, only the $I$ part in $\\begin{bmatrix} \\sqrt{a_{11}} & 0\\\\ w/\\sqrt{a_{11}} &\n","I \\end{bmatrix}$ will further be modified while the first column stays the same"],"metadata":{"id":"1hJS3PEqTZWG"}},{"cell_type":"markdown","source":["This, of course, requires that $K-ww^T/a_{11}$ is PD\n","\n","We see that $A_1 = L_1^{-1}AL_1^{-T}$\n","\n","Since $A$ is PD, for any nonzero vector $x$, we have $x^TAx >0$\n","\n","Then we can define $y=L^Tx$ and we have $x=L^{-T}y$\n","\n","Plug into the quadratic form\n","\n","$$x^TAx = y^TL^{-1}AL^{-T}y >0$$\n","\n","and we know that $A_1 = L_1^{-1}AL_1^{-T}$ is also PD"],"metadata":{"id":"vXkzTvXdQsDr"}},{"cell_type":"markdown","source":["#### Example"],"metadata":{"id":"ncFPaeqU6GH6"}},{"cell_type":"code","source":["import matplotlib.pyplot as plt\n","import numpy as np\n","np.set_printoptions(formatter={'float': '{: 0.4f}'.format})\n","\n","plt.style.use('dark_background')\n","# color: https://matplotlib.org/stable/gallery/color/named_colors.htm"],"metadata":{"id":"E7IXLxroydqP"},"execution_count":null,"outputs":[]},{"cell_type":"code","source":["def cholesky_factorization(A):\n","    m = A.shape[0]\n","    l_mat = A.copy().astype(float)\n","\n","    for k in range(m):\n","        if l_mat[k, k] <= 0:\n","            raise ValueError('Matrix is not positive definite')\n","\n","        # Follow the first step, iteratively apply to a smaller and smaller K\n","        l_mat[k+1:, k+1:] -= np.outer(l_mat[k+1:, k], l_mat[k+1:, k]) / l_mat[k, k]\n","        l_mat[k:, k] /= np.sqrt(l_mat[k, k])\n","\n","    return np.tril(l_mat)"],"metadata":{"id":"P9o82v36UQxj"},"execution_count":null,"outputs":[]},{"cell_type":"code","source":["np.random.seed(42)\n","\n","# Make PD\n","A = np.random.rand(7, 7)\n","A = A.dot(A.T)\n","\n","try:\n","    l_mat = cholesky_factorization(A)\n","\n","    # Compare to numpy\n","    l_mat_np = np.linalg.cholesky(A)\n","\n","    # Verify factorization\n","    print(f'A:\\n{A}')\n","    print(f'\\nL:\\n{l_mat}')\n","    print(f'\\nL_np:\\n{l_mat_np}')\n","    print(f'\\nLL^T:\\n{l_mat @ l_mat.T}')\n","except Exception as e:\n","    print(e)"],"metadata":{"colab":{"base_uri":"https://localhost:8080/"},"id":"7zZDqDvXUlux","executionInfo":{"status":"ok","timestamp":1732130222131,"user_tz":300,"elapsed":4,"user":{"displayName":"Jianjing Zhang","userId":"07583447684872889447"}},"outputId":"8612eb4a-e9b9-4359-e237-f2cc928e40fa"},"execution_count":null,"outputs":[{"output_type":"stream","name":"stdout","text":["A:\n","[[ 1.9904  1.7200  0.9277  1.0547  1.0271  1.1900  1.6249]\n"," [ 1.7200  3.2922  1.2853  1.6022  2.0328  1.6002  1.6246]\n"," [ 0.9277  1.2853  1.0804  1.1417  1.2858  1.1203  1.2200]\n"," [ 1.0547  1.6022  1.1417  1.3678  1.1337  1.1742  1.2971]\n"," [ 1.0271  2.0328  1.2858  1.1337  2.5884  1.2917  1.3745]\n"," [ 1.1900  1.6002  1.1203  1.1742  1.2917  1.6778  1.2548]\n"," [ 1.6249  1.6246  1.2200  1.2971  1.3745  1.2548  2.0005]]\n","\n","L:\n","[[ 1.4108  0.0000  0.0000  0.0000  0.0000  0.0000  0.0000]\n"," [ 1.2192  1.3438  0.0000  0.0000  0.0000  0.0000  0.0000]\n"," [ 0.6575  0.3599  0.7201  0.0000  0.0000  0.0000  0.0000]\n"," [ 0.7476  0.5140  0.6459  0.3571  0.0000  0.0000  0.0000]\n"," [ 0.7280  0.8522  0.6950 -0.8333  0.3934  0.0000  0.0000]\n"," [ 0.8435  0.4256  0.5729 -0.1264 -0.4792  0.4599  0.0000]\n"," [ 1.1518  0.1640  0.5606 -0.0289 -0.0443 -0.2881  0.4969]]\n","\n","L_np:\n","[[ 1.4108  0.0000  0.0000  0.0000  0.0000  0.0000  0.0000]\n"," [ 1.2192  1.3438  0.0000  0.0000  0.0000  0.0000  0.0000]\n"," [ 0.6575  0.3599  0.7201  0.0000  0.0000  0.0000  0.0000]\n"," [ 0.7476  0.5140  0.6459  0.3571  0.0000  0.0000  0.0000]\n"," [ 0.7280  0.8522  0.6950 -0.8333  0.3934  0.0000  0.0000]\n"," [ 0.8435  0.4256  0.5729 -0.1264 -0.4792  0.4599  0.0000]\n"," [ 1.1518  0.1640  0.5606 -0.0289 -0.0443 -0.2881  0.4969]]\n","\n","LL^T:\n","[[ 1.9904  1.7200  0.9277  1.0547  1.0271  1.1900  1.6249]\n"," [ 1.7200  3.2922  1.2853  1.6022  2.0328  1.6002  1.6246]\n"," [ 0.9277  1.2853  1.0804  1.1417  1.2858  1.1203  1.2200]\n"," [ 1.0547  1.6022  1.1417  1.3678  1.1337  1.1742  1.2971]\n"," [ 1.0271  2.0328  1.2858  1.1337  2.5884  1.2917  1.3745]\n"," [ 1.1900  1.6002  1.1203  1.1742  1.2917  1.6778  1.2548]\n"," [ 1.6249  1.6246  1.2200  1.2971  1.3745  1.2548  2.0005]]\n"]}]},{"cell_type":"code","source":["np.random.seed(42)\n","\n","mat_temp = np.random.rand(6, 5)\n","\n","# Make PSD\n","A_psd = mat_temp @ mat_temp.T\n","\n","try:\n","    l_mat = cholesky_factorization(A_psd)\n","except Exception as e:\n","    print(e)"],"metadata":{"colab":{"base_uri":"https://localhost:8080/"},"id":"BYM5lnwxggKj","executionInfo":{"status":"ok","timestamp":1732130222131,"user_tz":300,"elapsed":3,"user":{"displayName":"Jianjing Zhang","userId":"07583447684872889447"}},"outputId":"b33cb9bf-5362-4107-954d-d5d0ec24df5b"},"execution_count":null,"outputs":[{"output_type":"stream","name":"stdout","text":["Matrix is not positive definite\n"]}]},{"cell_type":"markdown","source":["#### LDLT factorization for nonsingular symmetric matrices"],"metadata":{"id":"PrMsUP8A5gWY"}},{"cell_type":"markdown","source":["We can show in case of `nonsingular symmetric` matrix, $A$ can be factorized into lower triangular matrix $L$ and diagonal matrix $D$ such that $A=LDL^T$\n","\n","Similarly, we start with $A$ as\n","\n","$$\\begin{align*}A &= \\begin{bmatrix} a_{11} & w^T \\\\ w &\n","K \\end{bmatrix} \\\\\n","&=\\begin{bmatrix} 1 & 0\\\\ w/a_{11} &\n","I \\end{bmatrix}\\begin{bmatrix} a_{11} & 0 \\\\ 0 &\n","K-ww^T/a_{11}\\end{bmatrix}\\begin{bmatrix} 1 & w^T/a_{11} \\\\ 0 &\n","I \\end{bmatrix} \\\\\n","&=L_1D_1L_1^T\n","\\end{align*}$$\n","\n","We can work just like in Cholesky to decompose the smaller and smaller matrix $K$ and update the submatrix in $L$"],"metadata":{"id":"fY023wl_5pK6"}},{"cell_type":"markdown","source":["For LDLT factoriztaion, the diagonal elements of $L$ are required to be 1 at the cost of introducing an additional diagonal matrix $D$ in the decomposition"],"metadata":{"id":"itNBO9ZX6tVC"}},{"cell_type":"code","source":["def ldlt_factorization(A):\n","    # Assume A is symmetric and invertible\n","    m = A.shape[0]\n","    l_mat = A.copy().astype(float)\n","    d_mat = np.zeros(m)\n","\n","    for k in range(m):\n","        d_mat[k] = l_mat[k, k]\n","        if l_mat[k, k] == 0:\n","            raise ValueError('Matrix is singular')\n","\n","        l_mat[k+1:, k+1:] -= np.outer(l_mat[k+1:, k], l_mat[k+1:, k]) / l_mat[k, k]\n","        l_mat[k:, k] /= l_mat[k, k]\n","\n","    return np.tril(l_mat), np.diag(d_mat)"],"metadata":{"id":"aZ3443WmVXAT"},"execution_count":null,"outputs":[]},{"cell_type":"code","source":["np.random.seed(42)\n","\n","A = np.random.rand(7, 7)\n","A = (A + A.T) / 2 # Turn to symmetric matrix\n","A[3:,3:]=0\n","\n","try:\n","    L, D = ldlt_factorization(A)\n","    print(\"L:\\n\", L)\n","    print(\"D:\\n\", D)\n","    print(\"LDL^T:\\n\", L @ D @ L.T)\n","    print(\"A:\\n\", A)\n","    print(\"Difference:\\n\", np.linalg.norm(L @ D @ L.T - A))\n","except ValueError as e:\n","    print(e)"],"metadata":{"colab":{"base_uri":"https://localhost:8080/"},"id":"BfEXMkyxJows","executionInfo":{"status":"ok","timestamp":1732130222245,"user_tz":300,"elapsed":5,"user":{"displayName":"Jianjing Zhang","userId":"07583447684872889447"}},"outputId":"a3ec0cc3-97c3-4852-f598-8bb33f14dadc"},"execution_count":null,"outputs":[{"output_type":"stream","name":"stdout","text":["L:\n"," [[ 1.0000  0.0000  0.0000  0.0000  0.0000  0.0000  0.0000]\n"," [ 2.4255  1.0000  0.0000  0.0000  0.0000  0.0000  0.0000]\n"," [ 1.2199  0.4135  1.0000  0.0000  0.0000  0.0000  0.0000]\n"," [ 0.9854  0.4611  14.4868  1.0000  0.0000  0.0000  0.0000]\n"," [ 0.9991  0.2493  11.0002  0.7975  1.0000  0.0000  0.0000]\n"," [ 1.2874  0.3751 -6.9973 -0.4353  277.1035  1.0000  0.0000]\n"," [ 0.1234 -0.2800  9.3145  0.6972 -163.5905 -0.5982  1.0000]]\n","D:\n"," [[ 0.3745  0.0000  0.0000  0.0000  0.0000  0.0000  0.0000]\n"," [ 0.0000 -1.6023  0.0000  0.0000  0.0000  0.0000  0.0000]\n"," [ 0.0000  0.0000  0.0208  0.0000  0.0000  0.0000  0.0000]\n"," [ 0.0000  0.0000  0.0000 -4.3805  0.0000  0.0000  0.0000]\n"," [ 0.0000  0.0000  0.0000  0.0000 -0.0009  0.0000  0.0000]\n"," [ 0.0000  0.0000  0.0000  0.0000  0.0000  69.8831  0.0000]\n"," [ 0.0000  0.0000  0.0000  0.0000  0.0000  0.0000  0.0000]]\n","LDL^T:\n"," [[ 0.3745  0.9084  0.4569  0.3691  0.3742  0.4822  0.0462]\n"," [ 0.9084  0.6011  0.4457  0.1564  0.5082  0.5685  0.5608]\n"," [ 0.4569  0.4457  0.3042  0.4456  0.5197  0.1945  0.4353]\n"," [ 0.3691  0.1564  0.4456 -0.0000  0.0000 -0.0000  0.0000]\n"," [ 0.3742  0.5082  0.5197  0.0000  0.0000 -0.0000 -0.0000]\n"," [ 0.4822  0.5685  0.1945 -0.0000 -0.0000  0.0000 -0.0000]\n"," [ 0.0462  0.5608  0.4353  0.0000 -0.0000  0.0000  0.0000]]\n","A:\n"," [[ 0.3745  0.9084  0.4569  0.3691  0.3742  0.4822  0.0462]\n"," [ 0.9084  0.6011  0.4457  0.1564  0.5082  0.5685  0.5608]\n"," [ 0.4569  0.4457  0.3042  0.4456  0.5197  0.1945  0.4353]\n"," [ 0.3691  0.1564  0.4456  0.0000  0.0000  0.0000  0.0000]\n"," [ 0.3742  0.5082  0.5197  0.0000  0.0000  0.0000  0.0000]\n"," [ 0.4822  0.5685  0.1945  0.0000  0.0000  0.0000  0.0000]\n"," [ 0.0462  0.5608  0.4353  0.0000  0.0000  0.0000  0.0000]]\n","Difference:\n"," 7.264716523826383e-15\n"]}]}]}