{"nbformat":4,"nbformat_minor":0,"metadata":{"colab":{"provenance":[],"authorship_tag":"ABX9TyMQCKlgu5GDTaW03/h+uEZA"},"kernelspec":{"name":"python3","display_name":"Python 3"},"language_info":{"name":"python"}},"cells":[{"cell_type":"markdown","source":["#### Factorization of `positive definite` matrices"],"metadata":{"id":"RzSDlfgPUCzC"}},{"cell_type":"markdown","source":["Every positive definite matrix $A$ has a Cholesky factorization that is unique\n","\n","$$A=LL^T$$\n","\n","where $L$ is lower triangular"],"metadata":{"id":"89Q1kQiiwtRv"}},{"cell_type":"markdown","source":["To get a feeling of how to find the factorization, we look at the first step (since $A$ is positive definite, $a_{11}>0$)\n","\n","$$\\begin{align*}A &= \\begin{bmatrix} a_{11} & w^T \\\\ w &\n","K \\end{bmatrix} \\\\\n","&=\\begin{bmatrix} \\sqrt{a_{11}} & 0\\\\ w/\\sqrt{a_{11}} &\n","I \\end{bmatrix}\\begin{bmatrix} 1 & 0 \\\\ 0 &\n","K-ww^T/a_{11}\\end{bmatrix}\\begin{bmatrix} \\sqrt{a_{11}} & w^T/\\sqrt{a_{11}} \\\\ 0 &\n","I \\end{bmatrix} \\\\\n","&=L_1A_1L_1^T\n","\\end{align*}$$\n","\n","We can keep going and decompose $A_1=L_2A_2L_2^T$ and so on and we have\n","\n","$$A=L_1\\cdots L_mL_m^T\\cdots L_1^T=(L_1\\cdots L_m)(L_1\\cdots L_m)^T$$\n","\n","From the block representation, we can see that once we further decompose $K-ww^T/a_{11}$, only the $I$ part in $\\begin{bmatrix} \\sqrt{a_{11}} & 0\\\\ w/\\sqrt{a_{11}} &\n","I \\end{bmatrix}$ will further be modified while the first column stays the same"],"metadata":{"id":"1hJS3PEqTZWG"}},{"cell_type":"markdown","source":["This, of course, requires that $K-ww^T/a_{11}$ is PD\n","\n","We see that $A_1 = L_1^{-1}AL_1^{-T}$\n","\n","Since $A$ is PD, for any nonzero vector $x$, we have $x^TAx >0$\n","\n","Then we can define $y=L^Tx$ and we have $x=L^{-T}y$\n","\n","Plug into the quadratic form\n","\n","$$x^TAx = y^TL^{-1}AL^{-T}y >0$$\n","\n","and we know that $A_1 = L_1^{-1}AL_1^{-T}$ is also PD"],"metadata":{"id":"vXkzTvXdQsDr"}},{"cell_type":"markdown","source":["#### Example"],"metadata":{"id":"ncFPaeqU6GH6"}},{"cell_type":"code","source":["import matplotlib.pyplot as plt\n","import numpy as np\n","np.set_printoptions(formatter={'float': '{: 0.4f}'.format})\n","\n","plt.style.use('dark_background')\n","# color: https://matplotlib.org/stable/gallery/color/named_colors.htm"],"metadata":{"id":"E7IXLxroydqP"},"execution_count":null,"outputs":[]},{"cell_type":"code","source":["def cholesky_factorization(A):\n","    m = A.shape[0]\n","    l_mat = A.copy().astype(float)\n","\n","    for k in range(m):\n","        if l_mat[k, k] <= 0:\n","            return print('Input is not positive definite')\n","\n","        # Follow the first step, iteratively apply to a smaller and smaller K\n","        l_mat[k+1:, k+1:] -= np.outer(l_mat[k+1:, k], l_mat[k+1:, k]) / l_mat[k, k]\n","        l_mat[k:, k] /= np.sqrt(l_mat[k, k])\n","\n","    return np.tril(l_mat)"],"metadata":{"id":"P9o82v36UQxj"},"execution_count":null,"outputs":[]},{"cell_type":"code","source":["np.random.seed(42)\n","\n","# Make PD\n","A = np.random.rand(6, 6)\n","A = A.dot(A.T)\n","\n","l_mat = cholesky_factorization(A)\n","\n","# Compare to numpy\n","l_mat_np = np.linalg.cholesky(A)\n","\n","# Verify factorization\n","print(f'A:\\n{A}')\n","\n","print(f'\\nL:\\n{l_mat}')\n","\n","print(f'\\nL_np:\\n{l_mat_np}')\n","\n","print(f'\\nLL^T:\\n{l_mat @ l_mat.T}')"],"metadata":{"colab":{"base_uri":"https://localhost:8080/"},"id":"7zZDqDvXUlux","executionInfo":{"status":"ok","timestamp":1728682764834,"user_tz":240,"elapsed":6,"user":{"displayName":"Jianjing Zhang","userId":"07583447684872889447"}},"outputId":"26541434-d4ac-4974-b4b1-00503ee5bd69"},"execution_count":null,"outputs":[{"output_type":"stream","name":"stdout","text":["A:\n","[[ 1.9870  1.8637  0.8859  1.0728  1.4710  1.2821]\n"," [ 1.8637  2.5575  0.9867  1.1053  1.2480  1.6979]\n"," [ 0.8859  0.9867  1.1727  0.8394  0.8816  1.4458]\n"," [ 1.0728  1.1053  0.8394  0.8848  0.8097  1.0625]\n"," [ 1.4710  1.2480  0.8816  0.8097  1.4819  1.5215]\n"," [ 1.2821  1.6979  1.4458  1.0625  1.5215  2.8888]]\n","\n","L:\n","[[ 1.4096  0.0000  0.0000  0.0000  0.0000  0.0000]\n"," [ 1.3221  0.8997  0.0000  0.0000  0.0000  0.0000]\n"," [ 0.6285  0.1731  0.8647  0.0000  0.0000  0.0000]\n"," [ 0.7610  0.1101  0.3955  0.3702  0.0000  0.0000]\n"," [ 1.0435 -0.1463  0.2904 -0.2249  0.4864  0.0000]\n"," [ 0.9095  0.5506  0.9007 -0.1258  0.7464  0.6116]]\n","\n","L_np:\n","[[ 1.4096  0.0000  0.0000  0.0000  0.0000  0.0000]\n"," [ 1.3221  0.8997  0.0000  0.0000  0.0000  0.0000]\n"," [ 0.6285  0.1731  0.8647  0.0000  0.0000  0.0000]\n"," [ 0.7610  0.1101  0.3955  0.3702  0.0000  0.0000]\n"," [ 1.0435 -0.1463  0.2904 -0.2249  0.4864  0.0000]\n"," [ 0.9095  0.5506  0.9007 -0.1258  0.7464  0.6116]]\n","\n","LL^T:\n","[[ 1.9870  1.8637  0.8859  1.0728  1.4710  1.2821]\n"," [ 1.8637  2.5575  0.9867  1.1053  1.2480  1.6979]\n"," [ 0.8859  0.9867  1.1727  0.8394  0.8816  1.4458]\n"," [ 1.0728  1.1053  0.8394  0.8848  0.8097  1.0625]\n"," [ 1.4710  1.2480  0.8816  0.8097  1.4819  1.5215]\n"," [ 1.2821  1.6979  1.4458  1.0625  1.5215  2.8888]]\n"]}]},{"cell_type":"code","source":["np.random.seed(42)\n","\n","mat_temp = np.random.rand(6, 5)\n","\n","# Make PSD\n","A_psd = mat_temp @ mat_temp.T\n","\n","l_mat = cholesky_factorization(A_psd)"],"metadata":{"colab":{"base_uri":"https://localhost:8080/"},"id":"BYM5lnwxggKj","executionInfo":{"status":"ok","timestamp":1728682764834,"user_tz":240,"elapsed":5,"user":{"displayName":"Jianjing Zhang","userId":"07583447684872889447"}},"outputId":"af466ef0-fc22-4d87-e222-b9032ad24fe2"},"execution_count":null,"outputs":[{"output_type":"stream","name":"stdout","text":["Input is not positive definite\n"]}]},{"cell_type":"code","source":[],"metadata":{"id":"aZ3443WmVXAT"},"execution_count":null,"outputs":[]}]}